22627
64000
4000
16000
32000
11314
45255
8000
5657
22627
64000
4000
16000
32000
11314
45255
8000
5657
22627
64000
4000
16000
32000
11314
45255
8000
5657
22627
64000
4000
16000
32000
11314
45255
8000
5657
22627
64000
4000
16000
32000
11314
45255
8000
5657
22627
64000
4000
16000
32000
11314
45255
8000
5657
22627
64000
4000
16000
32000
11314
45255
8000
5657
22627
64000
4000
16000
32000
11314
45255
8000
5657
22627
64000
4000
16000
32000
11314
45255
8000
5657
22627
64000
4000
16000
32000
11314
45255
8000
5657
22627
64000
4000
16000
32000
11314
45255
8000
5657
22627
64000
4000
16000
32000
11314
45255
8000
5657
22627
64000
4000
16000
32000
11314
45255
8000
5657
22627
64000
4000
16000
32000
11314
45255
8000
5657
22627
64000
4000
16000
32000
11314
45255
8000
5657
22627
64000
4000
16000
32000
11314
45255
8000
5657
22627
64000
4000
16000
32000
11314
45255
8000
5657
22627
64000
4000
16000
32000
11314
45255
8000
5657
22627
64000
4000
16000
32000
11314
45255
8000
5657
22627
64000
4000
16000
32000
11314
45255
8000
5657
22627
64000
4000
16000
32000
11314
45255
8000
5657
22627
64000
4000
16000
32000
11314
45255
8000
5657
22627
64000
4000
16000
32000
11314
45255
8000
5657
22627
64000
4000
16000
32000
11314
45255
8000
5657
22627
64000
4000
16000
32000
11314
45255
8000
5657
22627
64000
4000
16000
32000
11314
45255
8000
5657
22627
64000
4000
16000
32000
11314
45255
8000
5657
22627
64000
4000
16000
32000
11314
45255
8000
5657
22627
64000
4000
16000
32000
11314
45255
8000
5657
22627
64000
4000
16000
32000
11314
45255
8000
5657
22627
64000
4000
16000
32000
11314
45255
8000
5657
22627
64000
4000
16000
32000
11314
45255
8000
5657
22627
64000
4000
16000
32000
11314
45255
8000
5657
22627
64000
4000
16000
32000
11314
45255
8000
5657
22627
64000
4000
16000
32000
11314
45255
8000
5657
22627
64000
4000
16000
32000
11314
45255
8000
5657
22627
64000
4000
16000
32000
11314
45255
8000
5657
22627
64000
4000
16000
32000
11314
45255
8000
5657
22627
64000
4000
16000
32000
11314
45255
8000
5657
22627
64000
4000
16000
32000
11314
45255
8000
5657
22627
64000
4000
16000
32000
11314
45255
8000
5657
22627
64000
4000
16000
32000
11314
45255
8000
5657
22627
64000
4000
16000
32000
11314
45255
8000
5657
22627
64000
4000
16000
32000
11314
45255
8000
5657
22627
64000
4000
16000
32000
11314
45255
8000
5657
22627
64000
4000
16000
32000
11314
45255
8000
5657
22627
64000
4000
16000
32000
11314
45255
8000
5657
22627
64000
4000
16000
32000
11314
45255
8000
5657
22627
64000
4000
16000
32000
11314
45255
8000
5657