0
0
64000
11000
8000
22000
45000
4000
16000
32000
5656
64000
11000
8000
22000
45000
4000
16000
32000
5656
64000
11000
8000
22000
45000
4000
16000
32000
5656
64000
11000
8000
22000
45000
4000
16000
32000
5656
64000
11000
8000
22000
45000
4000
16000
32000
5656
64000
11000
8000
22000
45000
4000
16000
32000
5656
64000
11000
8000
22000
45000
4000
16000
32000
5656
64000
11000
8000
22000
45000
4000
16000
32000
5656
64000
11000
8000
22000
45000
4000
16000
32000
5656